ID   Type   x            y            z            Potential (Periyandy & Bevis)  Potential (Tsoulis, 2021)     
1    Base   0.0000000000 0.0000000000 0.0000000000 -3.614258523410811e-01         3.614258523410810e-01         
2    Base   1.0000000000 0.0000000000 0.0000000000 -2.184996448789857e-01         -2.184996448789855e-01        
3    Base   0.0000000000 1.0000000000 0.0000000000 -2.184996448789857e-01         2.184996448789855e-01         
4    Base   0.0000000000 0.0000000000 1.0000000000 -2.184996448789857e-01         -2.184996448789855e-01       
5    Base   0.2500000000 0.2500000000 0.2500000000 -6.653236739122567e-01         1.384199094900768e-02
         
6    +Eps   0.0000000001 0.0000000001 0.0000000001 -3.614258524981608e-01         3.614258522488710e-01         
7    +Eps   1.0000000001 0.0000000001 0.0000000001 -2.184996448659093e-01         NaN                           
8    +Eps   0.0000000001 1.0000000001 0.0000000001 -2.184996448659093e-01         NaN                           
9    +Eps   0.0000000001 0.0000000001 1.0000000001 -2.184996448659093e-01         NaN                           
10   +Eps   0.2500000001 0.2500000001 0.2500000001 -6.653236738790358e-01         1.384199075277689e-02         
