0.361425852341081
-0.218499644878986
0.218499644878986
-0.218499644878986
0.0138419909490077
-0.248524057144953
0.048082554363574
-0.0148595668437936
0.0266670129816681
0.0179881532467664
-0.0383852843585024
-0.163490887581671
0.0316763940710619
0.185221772833703
-0.261176477846154
-0.173964611283125
0.0365617452539823
0.0192666490506087
0.124649861932697
-0.122291852265171
0.318989176197327
-0.141569282669431
-0.161308540728552
-0.0054165463468203
-0.0426838814903717
0.0191018419468102
0.158424997749685
0.107411707631653
-0.122042980783011
0.13167029218308
0.0749861397242366
-0.0819828146518434
0.137539296315339
-0.0863452503756005
-0.0780300170654699
0.137976163654556
0.0732978449317825
-0.0666490138077103
-0.246774874305124
-0.0192020922647988
-0.0301602693472696
0.106047428182437
0.0676448058063378
0.112757637503571
-0.134105291435627
0.039337662073204
0.0453913388393051
-0.11074430891451
0.159697819131107
-0.0286214712134868
-0.0494616809685889
-0.00196639912191598
0.0506563417711553
0.301666501899663
-0.047837601604042
-0.0437636507346371
0.227330111744159
-0.0758074365187402
0.118565626312575
0.0655531060440161
-0.00283281291203172
-0.161781651093417
-0.0492454213597606
0.0187420014841022
-0.0804224755511344
0.102865123551885
0.121339482664089
-0.195887124087328
-0.0723571860232844
0.206202519727401
-0.182012910376611
0.0930207106236215
-0.266977575635333
0.211412531312316
-0.181672272600631
0.117893394632053
-0.282457293227588
-0.131314172129585
-0.0149647689428687
-0.0263395675073963
0.189945413779548
0.197930491093091
0.123557625667716
0.204538505619375
0.0815422470764933
0.040519697348053
0.107178996288727
-0.179842138530006
-0.227502240339789
0.15178083100545
0.251580471589877
0.0797622380230084
0.0303974853067531
-0.0594473092868039
0.195920702464832
-0.223136965163215
0.30178311524686
-0.146284673491994
-0.286298033576784
0.226211106219922
