-0.361425852341081
-0.218499644878986
-0.218499644878986
-0.218499644878986
-0.569427642925891
-0.411868479858304
-0.426402596519427
-0.645056547485281
-0.558666331743381
-0.574591963414305
-0.574626999545301
-0.564778646744797
-0.492933845251902
-0.580474074875682
-0.456661812976735
-0.455784715354689
-0.661935984120814
-0.635195822436493
-0.606995402595987
-0.52908019464845
-0.504172892050521
-0.472605957904333
-0.332169028882234
-0.414102633789228
-0.523376983955552
-0.605627029622064
-0.619261976132302
-0.392074015572467
-0.565274638181394
-0.63436091930419
-0.624503455416233
-0.565797449524288
-0.57372651219038
-0.379644180306036
-0.594856593379016
-0.515836741201959
-0.506813794623043
-0.640997651964862
-0.51634391492378
-0.632514864291122
-0.396556846141566
-0.496529812326692
-0.632438057407216
-0.590779200690307
-0.371430861902961
-0.519361418471693
-0.608033139730794
-0.479089464364097
-0.55403337172224
-0.604583179920799
-0.599728183414238
-0.53275391661993
-0.474283394692839
-0.486431404642768
-0.361190259819206
-0.521975667858952
-0.587886483591777
-0.594523712308507
-0.598832445459228
-0.569596760938133
-0.660958405793806
-0.538245771870342
-0.566203281917104
-0.544555788231249
-0.548959110015201
-0.637635682863106
-0.577343206592825
-0.5585175216115
-0.404891962228834
-0.477884687389843
-0.497666145871333
-0.381733410728245
-0.449657600714892
-0.602963071119204
-0.570298923961797
-0.553966304128942
-0.465450596928432
-0.501230929244805
-0.555964474219023
-0.575483228146618
-0.607338947623256
-0.550491188010533
-0.629238667958456
-0.517457421469394
-0.424666357556973
-0.641840614224232
-0.511329266840916
-0.483263555186562
-0.435992374846401
-0.545276774786305
-0.509121513368297
-0.537579079037122
-0.488093438278766
-0.615711489775657
-0.249847632027798
-0.517107874482387
-0.550272682338006
-0.548150742970843
-0.481458243114419
-0.565107523301205
