0.000000 0.000000 0.000000
1.000000 0.000000 0.000000
0.000000 1.000000 0.000000
0.000000 0.000000 1.000000
0.250000 0.250000 0.450000
0.693087 0.105458 0.194541
0.228513 0.661313 0.078551
0.200351 0.239193 0.344260
0.133765 0.484105 0.262864
0.103829 0.364572 0.375593
0.442078 0.293928 0.129994
0.258998 0.337663 0.388143
0.287851 0.550288 0.087581
0.073132 0.128578 0.233002
0.471604 0.004287 0.381896
0.652379 0.129612 0.151494
0.279894 0.198836 0.208651
0.321168 0.129725 0.200986
0.133946 0.412188 0.183328
0.421762 0.022444 0.263103
0.105770 0.146786 0.021932
0.579423 0.284848 0.122499
0.801880 0.149130 0.040488
0.004833 0.259559 0.620533
0.178138 0.012174 0.397772
0.195460 0.080444 0.320196
0.089266 0.292999 0.237799
0.096826 0.736734 0.115671
0.212696 0.153804 0.495450
0.114070 0.293958 0.239620
0.111679 0.246265 0.336996
0.495520 0.137880 0.175322
0.070452 0.413904 0.252353
0.027675 0.110029 0.728162
0.371807 0.083041 0.272985
0.065940 0.534757 0.206392
0.472829 0.281951 0.024748
0.272335 0.261722 0.315620
0.404610 0.105221 0.435072
0.215100 0.145061 0.358176
0.009140 0.121814 0.678793
0.020091 0.099024 0.447445
0.292995 0.131817 0.165120
0.211302 0.072038 0.165564
0.049510 0.140279 0.752898
0.454339 0.333052 0.048318
0.383917 0.160102 0.121343
0.609111 0.205972 0.105857
0.141157 0.053448 0.161073
0.229877 0.413806 0.244598
0.443930 0.189924 0.171100
0.499185 0.255269 0.073576
0.017390 0.162527 0.545406
0.075225 0.490125 0.035445
0.010072 0.008091 0.675646
0.249289 0.532833 0.183861
0.064036 0.199563 0.187362
0.225760 0.114203 0.425642
0.329322 0.164102 0.082317
0.196322 0.491693 0.151817
0.277690 0.256345 0.240248
0.529049 0.150101 0.225778
0.468133 0.099465 0.162845
0.153128 0.518788 0.230794
0.183145 0.076544 0.483864
0.120943 0.282189 0.273472
0.366652 0.194747 0.056263
0.290142 0.243882 0.441921
0.031203 0.254893 0.660320
0.114983 0.011006 0.097970
0.579237 0.203617 0.186667
0.254449 0.686495 0.020767
0.540868 0.020373 0.334513
0.182167 0.200168 0.084152
0.439061 0.202361 0.300263
0.125191 0.509987 0.163616
0.394032 0.048224 0.495433
0.558872 0.261952 0.137340
0.205698 0.026190 0.331026
0.273926 0.453928 0.182623
0.195719 0.321405 0.082983
0.048580 0.435587 0.200367
0.118831 0.172311 0.267978
0.159822 0.045884 0.081136
0.040455 0.635202 0.261654
0.237060 0.352730 0.193433
0.048033 0.494919 0.289889
0.515014 0.015466 0.253683
0.653707 0.067331 0.210911
0.127567 0.514614 0.124579
0.058146 0.068807 0.129601
0.076323 0.479518 0.285247
0.068081 0.518923 0.335615
0.195324 0.236762 0.407315
0.003042 0.935691 0.051241
0.281749 0.157847 0.526528
0.057891 0.279594 0.089652
0.223746 0.140517 0.515843
0.415562 0.090308 0.469454
0.176419 0.128684 0.067372
